//|--------------------------------------------------------------------------------------------------------------|
//|---www.ionmuonline.com-------------------------Shops------------------------------IonGamesNetworks------------|
//|--------------------------------------------------------------------------------------------------------------|
//|---------------------------------------------MrJimmYToO-------------ionmuonline@hotmail.com-------------------|
//|--------------------------------------------------------------------------------------------------------------|

14 3 15 250 0 0 0 0
14 4 15 250 0 0 0 0
14 5 15 250 0 0 0 0
14 6 15 250 0 0 0 0
14 8 15 250 0 0 0 0

4 7  0 255 0 0 0 0 //Arrows +0
4 15 0 255 0 0 0 0 //Bolts +0
4 7  0 255 0 0 0 0 //Arrows +3
4 15 0 255 0 0 0 0 //Bolts +3
4 7  0 255 0 0 1 0 //Arrows +4
4 15 0 255 0 0 1 0 //Bolts +4
4 7  0 255 0 0 2 0 //Arrows +5
4 15 0 255 0 0 2 0 //Bolts +5

13 29 0 0 0 0 0 0 //Armor of Guardman
//12 30 0 0 0 0 0 0
//12 31 0 0 0 0 0 0

end