//==============================================================================
//MU Shop File
//#Version 97W [97 + 98 + 99 item codes included]
//Luc Dia MU Season 6 Part 2 Full
//Phat trien boi nguyen Quang Phu Sang
//------------------------------------------------------------------------------
//Revised 11 Aug, 2005			
//==============================================================================
//shop7 - Davias Wizard Shop
//


7 134 15 255 0 0 0 63
8 134 15 255 0 0 0 63
9 134 15 255 0 0 0 63
11 134 15 255 0 0 0 63

7 60 15 255 0 0 0 63
8 147 15 255 0 0 0 63
9 60 15 255 0 0 0 63
11 60 15 255 0 0 0 63

7 61 15 255 0 0 0 63
8 61 15 255 0 0 0 63
9 61 15 255 0 0 0 63
11 61 15 255 0 0 0 63

0 32 8 255 0 0 0 0
0 33 8 255 0 0 0 0
0 34 8 255 0 0 0 0

15 31 0 255 0 0 0 0
15 32 0 255 0 0 0 0
15 33 0 255 0 0 0 0
15 34 0 255 0 0 0 0
15 35 0 255 0 0 0 0
15 36 0 255 0 0 0 0
end
