//|--------------------------------------------------------------------------------------------------------------|
//|---www.ionmuonline.com-------------------------Shops------------------------------IonGamesNetworks------------|
//|--------------------------------------------------------------------------------------------------------------|
//|---------------------------------------------MrJimmYToO-------------ionmuonline@hotmail.com-------------------|
//|--------------------------------------------------------------------------------------------------------------|




//4 7  0 255 0 0 0 0 //Arrows +0
//4 15 0 255 0 0 0 0 //Bolts +0

13 29 0 0 0 0 0 0 //Armor of Guardman
//12 30 0 0 0 0 0 0
//12 31 0 0 0 0 0 0
//12 130 0 0 0 0 0 0
//12 131 0 0 0 0 0 0
//12 132 0 0 0 0 0 0
//12 133 0 0 0 0 0 0
//12 134 0 0 0 0 0 0
//12 135 0 0 0 0 0 0
//13 106 0 0 0 0 0 0 //Bach ma
//13 0 0 0 0 0 0 0
//13 1 0 0 0 0 0 0
//13 2 0 0 0 0 0 0
//13 3 0 0 0 0 0 0
//13 80 0 0 0 0 0 0
//13 123 0 0 0 0 0 0

end