//Elf LALA

//Potas

// Fin de potas

4 7 1 255 0 0 0 0 // Bolts+1
4 7 2 255 0 0 0 0 // Bolts+2
4 7 3 255 0 0 0 0 // Bolts+3
4 15 1 255 0 0 0 0 // Arrows+1
4 15 2 255 0 0 0 0 // Arrows+2
4 15 3 255 0 0 0 0 // Arrows+3
14 9 0 0 0 0 0 0 // Alcohol
14 10 0 0 0 0 0 0 // Town Scroll
12 8 0 0 0 0 0 0 // Healing Orb

12 17 0 255 0 0 0 0 
12 18 0 255 0 0 0 0 
12 45 0 255 0 0 0 0 //ngoc ngu tien
12 46 0 255 0 0 0 0 //ngoc phuc hoi sd
12 8 0 255 0 0 0 0
12 9 0 255 0 0 0 0
12 10 0 255 0 0 0 0
12 11 0 255 0 0 0 0 
12 11 1 255 0 0 0 0
12 11 2 255 0 0 0 0
12 11 3 255 0 0 0 0
12 11 4 255 0 0 0 0

11 12 15 255 2 2 2 63 //Wind boots
10 12 15 255 2 2 2 63 //Wind Gloves
9 12 15 255 2 2 2 63 // Wind Pants
8 12 15 255 2 2 2 63 // Wind Armor
7 12 15 255 2 2 2 63 // Wind Pants

11 19 15 255 2 2 2 63 //Wind 
10 19 15 255 2 2 2 63 //Wind 
9 19 15 255 2 2 2 63 // Wind 
8 19 15 255 2 2 2 63 // Wind A
7 19 15 255 2 2 2 63 // Wind 
12 17 0 0 0 0 0 0// ngoc
12 18 0 0 0 0 0 0// ngoc xt
4 17 15 255 2 2 0 63// my nhan cung
7 24 15 255 2 2 2 63 // non tn
8 24 15 255 2 2 2 63 // ao tn
9 24 15 255 2 2 2 63 // quan tn
10 24 15 255 2 2 2 63 // chan tn
11 24 15 255 2 2 2 63 // tay tn
4 21 15 255 2 2 2 3 // cung thai binh
end
