//Bar Loren 123	135
//Shop chung
// ko bless
// khong box kundun
// ko nhiem vu 3

7 45 15 255 1 1 7 63
8 45 15 255 1 1 7 63
9 45 15 255 1 1 7 63
10 45 15 255 1 1 7 63
11 45 15 255 1 1 7 63

7 52 15 255 1 1 7 63
8 52 15 255 1 1 7 63
9 52 15 255 1 1 7 63
10 52 15 255 1 1 7 63
11 52 15 255 1 1 7 63

7 51 15 255 1 1 7 63
8 51 15 255 1 1 7 63
9 51 15 255 1 1 7 63
10 51 15 255 1 1 7 63
11 51 15 255 1 1 7 63

8 47 15 255 1 1 7 63
9 47 15 255 1 1 7 63
10 47 15 255 1 1 7 63
11 47 15 255 1 1 7 63

7 49 15 255 1 1 7 63
8 49 15 255 1 1 7 63
9 49 15 255 1 1 7 63
10 49 15 255 1 1 7 63
11 49 15 255 1 1 7 63

