// Bar Loren - Mini Wing



7 73 15 255 1 1 7 63
8 73 15 255 1 1 7 63
9 73 15 255 1 1 7 63
11 73 15 255 1 1 7 63
0 35 15 255 1 1 7 63

7 53 15 255 1 1 7 63
8 53 15 255 1 1 7 63
9 53 15 255 1 1 7 63
10 53 15 255 1 1 7 63
11 53 15 255 1 1 7 63

0 22 15 255 1 1 7 63
4 21 15 255 1 1 7 63
5 12 15 255 1 1 7 63
5 19 15 255 1 1 7 63
2 12 15 255 1 1 7 63
0 23 15 255 1 1 7 63

14 68 0 0 0 0 0 0
14 24 1 0 0 0 0 0
14 24 0 0 0 0 0 0
14 23 0 0 0 0 0 0 //nhiem vu
14 25 0 0 0 0 0 0
14 26 0 0 0 0 0 0
14 23 1 0 0 0 0 0
14 66 0 0 0 0 0 0 //nhiem vu 3
14 67 0 0 0 0 0 0
14 65 0 0 0 0 0 0
// ngoc soc ket
12 124 0 0 0 0 0 0
12 124 1 0 0 0 0 0
12 124 2 0 0 0 0 0
12 124 3 0 0 0 0 0
12 124 4 0 0 0 0 0

12 125 0 0 0 0 0 0
12 125 1 0 0 0 0 0
12 125 2 0 0 0 0 0
12 125 3 0 0 0 0 0
12 125 4 0 0 0 0 0

12 126 0 0 0 0 0 0
12 126 1 0 0 0 0 0
12 126 2 0 0 0 0 0
12 126 3 0 0 0 0 0
12 126 4 0 0 0 0 0

12 127 0 0 0 0 0 0
12 127 1 0 0 0 0 0
12 127 2 0 0 0 0 0
12 127 3 0 0 0 0 0
12 127 4 0 0 0 0 0

12 128 0 0 0 0 0 0
12 128 1 0 0 0 0 0
12 128 2 0 0 0 0 0
12 128 3 0 0 0 0 0

12 129 0 0 0 0 0 0

//12 74 2 0 0 0 0 0 // khuon 5 trang

