//37	219 elbeland
//Loren 130 130
//Shop Summoner
15 19  0 0 0 0 0 0
15 20  0 0 0 0 0 0
15 21  0 0 0 0 0 0
15 22  0 0 0 0 0 0
15 23  0 0 0 0 0 0
15 24  0 0 0 0 0 0
15 25  0 0 0 0 0 0
15 26  0 0 0 0 0 0
15 27  0 0 0 0 0 0

//Leha
//Guantes
10 39 15 255 2 2 2 63
10 40 15 255 2 2 2 63
10 41 15 255 2 2 2 63

//Pants

9 39 15 255 2 2 2 63
9 40 15 255 2 2 2 63
9 41 15 255 2 2 2 63
//Helm
7 39 15 255 2 2 2 63
7 40 15 255 2 2 2 63
7 41 15 255 2 2 2 63
//Botas
11 39 15 255 2 2 2 63
11 40 15 255 2 2 2 63
11 41 15 255 2 2 2 63

//Armor
8 39 15 255 2 2 2 63
8 40 15 255 2 2 2 63
8 41 15 255 2 2 2 63

5 22 15 255 1 1 7 63
5 21 15 255 1 1 7 63

5 23 15 255 1 1 7 63
5 20 15 255 2 2 2 3 // gay doat menh
5 34 15 255 2 2 2 3 // gay doat menh
5 32 15 255 2 2 2 3 // gay doat menh
5 36 15 255 2 2 2 63 //Gay legenn





end