
13 12 15 255 0 0 7 63 //day chuyen set+4 2%
13 13 15 255 0 0 7 63 //day chuyen lua+4 2%

13 26 15 255 0 1 7 63
13 28 15 255 0 1 7 63
13 8 15 255 0 1 7 63 //nhan bang+4 2%
13 9 15 255 0 1 7 63 //nhan doc+4 2%
13 23 15 255 0 1 7 63
13 24 15 255 0 1 7 63

12 50 15 255 0 1 7 63
12 36 15 255 0 1 7 63
12 37 15 255 0 1 7 63
12 38 15 255 0 1 7 63
12 39 15 255 0 1 7 63
12 43 15 255 0 1 7 63
12 40 15 255 0 1 7 63

14 13 0 0 0 0 0 0
14 14 0 0 0 0 0 0
14 16 0 0 0 0 0 0
14 22 0 0 0 0 0 0 
14 31 0 0 0 0 0 0
14 42 0 0 0 0 0 0
14 51 0 0 0 0 0 0

12 15 0 0 0 0 0 0
13 52 0 0 0 0 0 0
13 53 0 0 0 0 0 0

14 43 0 0 0 0 0 0
14 44 0 0 0 0 0 0
12 30 0 0 0 0 0 0
12 31 0 0 0 0 0 0
13 14 0 0 0 0 0 0
12 70 0 0 0 0 0 0
12 71 0 0 0 0 0 0
12 72 0 0 0 0 0 0
12 137 0 0 0 0 0 0
12 136 0 0 0 0 0 0
12 138 0 0 0 0 0 0
12 139 0 0 0 0 0 0
12 140 0 0 0 0 0 0
12 141 0 0 0 0 0 0
12 142 0 0 0 0 0 0
12 143 0 0 0 0 0 0




end