//Elf LALA

7 11 5 255 0 1 0 0
7 12 5 255 0 1 0 0
7 14 5 255 0 1 0 0
4  5 5 255 1 1 0 0
8 11 5 255 0 1 0 0
8 12 5 255 0 1 0 0
8 14 5 255 0 1 0 0

9 11 5 255 0 1 0 0
9 12 5 255 0 1 0 0
9 14 5 255 0 1 0 0


4  13 5 255 1 1 0 0
10 11 5 255 0 1 0 0
10 12 5 255 0 1 0 0
10 14 5 255 0 1 0 0

4 7 2 255 0 0 0 0 // Bolts+5
4 15 2 255 0 0 0 0 // Arrows+5


11 11 0 255 0 1 0 0
11 12 0 255 0 1 0 0
11 14 0 255 0 1 0 0



12 17 0 255 0 0 0 0 
12 18 0 255 0 0 0 0 
12 45 0 255 0 0 0 0 //ngoc ngu tien
12 46 0 255 0 0 0 0 //ngoc phuc hoi sd
12 8 0 255 0 0 0 0
12 9 0 255 0 0 0 0
12 10 0 255 0 0 0 0



end
