//251 DK
//Lorencia(116 141) tho ren
//Hanzo, Blacksmith
//ok
7 9 5 255 0 1 0 0
7 1 5 255 0 1 0 0
7 5 5 255 0 1 0 0

12 12 0 255 0 1 0 0
12 13 0 255 0 1 0 0
12 14 0 255 0 1 0 0
12 19 0 255 0 1 0 0

8   9 5 255 0 1 0 0
8   1 5 255 0 1 0 0
8   5 5 255 0 1 0 0
12 44 0 255 0 1 0 0
12  7 0 255 0 1 0 0
6   5 5 255 1 1 0 0


9  9 5 255 0 1 0 0
9  1 5 255 0 1 0 0
9  5 5 255 0 1 0 0
6 12 5 255 1 1 0 0

10 9 5 255 0 1 0 0
10 1 5 255 0 1 0 0
10 5 5 255 0 1 0 0
6 13 5 255 1 1 0 0

11 9 5 255 0 1 0 0
11 1 5 255 0 1 0 0
11 5 5 255 0 1 0 0
6  8 5 255 1 1 0 0
0 12 5 255 1 1 0 0
1  3 5 255 1 1 0 0

0 15 5 255 1 1 0 0
0 14 5 255 1 1 0 0
0  5 5 255 1 1 0 0
0 13 5 255 1 1 0 0

end

