//==============================================================================
//#DaRK Side of MU Shop File
//#Version 97W [97 + 98 + 99 item codes included]
//#www.darksideofmu.com
//by DaRKav (darkav@hotmail.com)
//------------------------------------------------------------------------------
//Revised 11 Aug, 2005			
//==============================================================================
//shop7 - RF Shop
// Loren 131 135

7  60 7 255 0 1 0 0
8  60 7 255 0 1 0 0
9  60 7 255 0 1 0 0
11 60 7 255 0 1 0 0

7  61 7 255 0 1 0 0
8  61 7 255 0 1 0 0
9  61 7 255 0 1 0 0
11 61 7 255 0 1 0 0

0 32 7 255 1 1 0 0
0 33 7 255 1 1 0 0
0 34 7 255 1 1 0 0

15 30 0 255 0 0 0 0
15 31 0 255 0 0 0 0
15 32 0 255 0 0 0 0
15 33 0 255 0 0 0 0
15 34 0 255 0 0 0 0
15 35 0 255 0 0 0 0
15 36 0 255 0 0 0 0

end
