//Index	ID	Level	Opt	Luck	Skill	Dur	Exc	Slt1	Slt2	Slt3	Slt4	Slt5	Cost
//--------------------------------------------------------------------------------------------------------------------------
1
13	43	0	0	0	0	255	0	0	0	0	0	0	6
13	44	0	0	0	0	255	0	0	0	0	0	0	9
13	45	0	0	0	0	255	0	0	0	0	0	0	15
14	55	0	0	0	0	255	0	0	0	0	0	0	9
14	56	0	0	0	0	255	0	0	0	0	0	0	15
14	57	0	0	0	0	255	0	0	0	0	0	0	30
end

//MobID	Points
//-------------------------------------------------------------------------------------------------------------------------
2

end