//#############################################################################################################
//Drop Settings: Imperial Guardian Boss Drops
//www.darksideofmu.com
//#############################################################################################################

//=============================================================================================================
//ItemDropRate	 	- Drop rate of item VS Zen [x/100]
//ExRate		- Drop rate of excellent item [x/1000]
//=============================================================================================================
//	EventName		DropZen		NA	NA 	NA 	  NA 		ItemDropRate	ExRate
//=============================================================================================================
1	
	"ImperialGuardianBoss"	10000000	0	0	 0	  0		65		999
end

//=============================================================================================================
//Type			- Item.TXT index (section) of the Box
//Index 		- Item.TXT id of the Item
//minLvl		- Minimal Level of the Item (+1, +2 etc...)
//maxLvl		- Maximum Level of the Item (+1, +2 etc...)
//Skill			- Drop Item with Skill (0 - off,1 - on)
//Luck			- Drop Item with Luck (0 - off,1 - on)
//maxZ28		- Maximum Z28 option (1 = +4, 2 = +8, 3 = +12, etc...)
//maxExOpt		- Maximum number of Exc option in item
//=============================================================================================================
//	TypeIndexminLvl	maxLvl	Skill	Luck	maxZ28	maxExOpt		
//=============================================================================================================
2																		
	
	7	1	0	0	0	0	1	1	// rong do
	8	1	0	0	0	0	1	1
	9	1	0	0	0	0	1	1
	10	1	0	0	0	0	1	1
	11	1	0	0	0	0	1	1
	
	7	2	0	0	0	0	1	1	
	8	2	0	0	0	0	1	1
	9	2	0	0	0	0	1	1
	10	2	0	0	0	0	1	1
	11	2	0	0	0	0	1	1
	
	
	7	4	0	0	0	0	1	1	
	8	4	0	0	0	0	1	1
	9	4	0	0	0	0	1	1
	10	4	0	0	0	0	1	1
	11	4	0	0	0	0	1	1
	
	
	7	5	0	0	0	0	1	1	
	8	5	0	0	0	0	1	1
	9	5	0	0	0	0	1	1
	10	5	0	0	0	0	1	1
	11	5	0	0	0	0	1	1
	
	
	7	6	0	0	0	0	1	1	
	8	6	0	0	0	0	1	1
	9	6	0	0	0	0	1	1
	10	6	0	0	0	0	1	1
	11	6	0	0	0	0	1	1
	
	
	7	7	0	0	0	0	1	1	
	8	7	0	0	0	0	1	1
	9	7	0	0	0	0	1	1
	10	7	0	0	0	0	1	1
	11	7	0	0	0	0	1	1

	
	7	8	0	0	0	0	1	1	
	8	8	0	0	0	0	1	1
	9	8	0	0	0	0	1	1
	10	8	0	0	0	0	1	1
	11	8	0	0	0	0	1	1
	
	
	7	9	0	0	0	0	1	1	
	8	9	0	0	0	0	1	1
	9	9	0	0	0	0	1	1
	10	9	0	0	0	0	1	1
	11	9	0	0	0	0	1	1
	
	
	7	10	0	0	0	0	1	1	
	8	10	0	0	0	0	1	1
	9	10	0	0	0	0	1	1
	10	10	0	0	0	0	1	1
	11	10	0	0	0	0	1	1
	
	
	7	11	0	0	0	0	1	1	
	8	11	0	0	0	0	1	1
	9	11	0	0	0	0	1	1
	10	11	0	0	0	0	1	1
	11	11	0	0	0	0	1	1
	
	
	7	12	0	0	0	0	1	1	
	8	12	0	0	0	0	1	1
	9	12	0	0	0	0	1	1
	10	12	0	0	0	0	1	1
	11	12	0	0	0	0	1	1
	
	
	7	13	0	0	0	0	1	1	
	8	13	0	0	0	0	1	1
	9	13	0	0	0	0	1	1
	10	13	0	0	0	0	1	1
	11	13	0	0	0	0	1	1
	
	7	14	0	0	0	0	1	1	// kim ngan
	8	14	0	0	0	0	1	1
	9	14	0	0	0	0	1	1
	10	14	0	0	0	0	1	1
	11	14	0	0	0	0	1	1
	
	


	
	7	3	0	0	0	0	1	1 // ma thuat
	8	3	0	0	0	0	1	1
	9	3	0	0	0	0	1	1
	10	3	0	0	0	0	1	1
	11	3	0	0	0	0	1	1
	
	8	15	0	0	0	0	1	1 // phong vu
	9	15	0	0	0	0	1	1
	10	15	0	0	0	0	1	1
	11	15	0	0	0	0	1	1
	
	
	7	25	0	0	0	0	1	1	
	8	25	0	0	0	0	1	1
	9	25	0	0	0	0	1	1
	10	25	0	0	0	0	1	1
	11	25	0	0	0	0	1	1
	
	7	26	0	0	0	0	1	1 // huyen thuyet
	8	26	0	0	0	0	1	1
	9	26	0	0	0	0	1	1
	10	26	0	0	0	0	1	1
	11	26	0	0	0	0	1	1
	
	
	7	39	0	0	0	0	1	1	
	8	39	0	0	0	0	1	1
	9	39	0	0	0	0	1	1
	10	39	0	0	0	0	1	1
	11	39	0	0	0	0	1	1
	
	7	40	0	0	0	0	1	1 // hoa thien
	8	40	0	0	0	0	1	1
	9	40	0	0	0	0	1	1
	10	40	0	0	0	0	1	1
	11	40	0	0	0	0	1	1
	
	7	59	0	0	0	0	1	1 // dia long
	8	59	0	0	0	0	1	1 
	9	59	0	0	0	0	1	1 
	
	11	59	0	0	0	0	1	1 
	
end