
1
    14	  200    0     15   0    0    0    0     0     0     3    0     5    100
    14	  201 	 0     15   0    0    0    0     0     0     3    0     5    100
    14	  202	 0     15   0    0    0    0     0     0     3    0     5    100
    14	  203	 0     15   0    0    0    0     0     0     3    0     5    100
    14	  204	 0     15   0    0    0    0     0     0     3    0     5    100
    14	  205	 0     15   0    0    0    0     0     0     3    0     5    100
    14	  206	 0     15   0    0    0    0     0     0     3    0     5    100
    14	  207	 0     15   0    0    0    0     0     0     3    0     5    100
    14	  208	 0     15   0    0    0    0     0     0     3    0     5    100
    14	  209	 0     15   0    0    0    0     0     0     3    0     5    100
    14	  210	 0     15   0    0    0    0     0     0     3    0     5    100
    14	  211	 0     15   0    0    0    0     0     0     3    0     5    100
end

2
    14	  200   1    0	  0    0    0	 0    0
    14	  201   0    1	  0    0    0	 0    0
    14	  202   0    0	  1    0    0	 0    0
    14	  203   0    0	  0    1    0	 0    0
    14	  204   0    0	  0    0    7	 0    0
    14	  205   0    0	  0    0    0	 1    0
    14	  206   0    0	  0    0    0	 0    3
    14	  207   14   2	  1    1    63	 1    5
    14	  208   0    0	  0    0    8	 0    0
    14	  209   14   2	  1    1    63	 1    5
    14	  210   0    0	  0    0    8	 0    0
    14	  211   14   2	  1    1    63	 1    5

end

3
    14    200   0    0	  0    1    1	 1    0    1
    14	  201   0    0	  0    1    1	 1    0    1
    14	  202   0    0	  0    1    1	 1    0    1
    14	  203   0    0	  0    1    1	 1    0    1
    14	  204   0    0	  0    1    1	 1    0    1
    14	  205   0    0	  0    1    1	 1    0    1
    14	  206   0    0	  0    1    1	 1    0    1
    14	  207   0    0	  0    1    1	 1    0    1
    14	  208   0    0	  0    1    1	 1    0    1
    14	  209   0    0	  0    1    1	 1    0    1
    14	  210   0    0	  0    1    1	 1    0    1
    14	  211   0    0	  0    1    1	 1    0    1
end