//37	219 elbeland
//Loren 130 130
//Shop Summoner
15 19  0 0 0 0 0 0
15 20  0 0 0 0 0 0
15 21  0 0 0 0 0 0
15 22  0 0 0 0 0 0
15 23  0 0 0 0 0 0
15 24  0 0 0 0 0 0
15 25  0 0 0 0 0 0
15 26  0 0 0 0 0 0
15 27  0 0 0 0 0 0

7  39 7 255 0 1 0 0
8  39 7 255 0 1 0 0
9  39 7 255 0 1 0 0
10 39 7 255 0 1 0 0
11 39 7 255 0 1 0 0

7 40 7 255 0 1 0 0
8 40 7 255 0 1 0 0
9 40 7 255 0 1 0 0

5  16 7 255 0 1 0 0
5  17 7 255 0 1 0 0
10 40 7 255 0 1 0 0
11 40 7 255 0 1 0 0

5 22 7 255 0 1 0 0
5 21 7 255 0 1 0 0
5 23 7 255 0 1 0 0

end