//DW
//118	113 Loren 

7 4 7 255 0 1 0 0  // xuong
7 3 7 255 0 1 0 0 //legen
15 0 0 255 0 1 0 0
15 1 0 255 0 0 0 0 
15 2 0 255 0 1 0 0
15 3 0 255 0 1 0 0


8 4 7 255 0 1 0 0
8 3 7 255 0 1 0 0
15 4 0 255 0 1 0 0
15 5 0 255 0 1 0 0
15 6 0 255 0 1 0 0
15 7 0 255 0 1 0 0


9 4 7 255 0 1 0 0
9 3 7 255 0 1 0 0
15 8 0 255 0 1 0 0
15 9 0 255 0 1 0 0
15 10 0 255 0 1 0 0
15 11 0 255 0 1 0 0


10 4 7 255 0 1 0 0
10 3 7 255 0 1 0 0
15 12 0 255 0 1 0 0
15 13 0 255 0 1 0 0
15 14 0 255 0 1 0 0
15 15 0 255 0 1 0 0

11 4 7 255 0 1 0 0
11 3 7 255 0 1 0 0

15 16 0 255 0 1 0 0
15 17 0 255 0 1 0 0
15 18 0 255 0 1 0 0
15 28 0 255 0 1 0 0

5 3  7 255 0 1 0 0
5 4  7 255 0 1 0 0
5 6  7 255 0 1 0 0 
5 5  7 255 0 1 0 0
6 14 7 255 0 1 0 0

end

